1747709301198 10.639854431152344 0
1747709321192 8.708649635314941 1
1747709340206 8.491679191589355 2
1747709360197 8.234930992126465 3
1747709378822 8.1285982131958 4
1747709397605 7.878251552581787 5
1747709415997 7.840294361114502 6
1747709435003 7.615777492523193 7
1747709454072 7.530369281768799 8
1747709472887 7.46442174911499 9
1747709491352 7.186130046844482 10
1747709509737 7.1286492347717285 11
1747709528505 7.02081298828125 12
1747709547234 6.943572521209717 13
1747709566137 6.842337608337402 14
1747709585153 6.796817302703857 15
1747709604470 6.743215560913086 16
1747709624168 6.745018482208252 17
1747709643028 6.579141139984131 18
1747709662014 6.528655529022217 19
1747709680561 6.461757183074951 20
1747709698679 6.437073707580566 21
1747709717160 6.413024425506592 22
1747709735741 6.382049083709717 23
1747709754140 6.300243377685547 24
1747709772687 6.272998809814453 25
1747709790912 6.266786575317383 26
1747709809957 6.171374797821045 27
1747709829042 6.121540069580078 28
1747709847414 6.135310173034668 29
1747709866013 6.130734443664551 30
1747709884234 6.063546180725098 31
1747709902938 6.116237640380859 32
1747709921479 5.9853057861328125 33
1747709939624 5.938291549682617 34
