1747709301198 6.421487808227539 0
1747709321192 7.4799652099609375 1
1747709340206 7.197756767272949 2
1747709360197 8.556697845458984 3
1747709378822 9.232330322265625 4
1747709397605 10.741292953491211 5
1747709415997 7.85957145690918 6
1747709435003 10.041875839233398 7
1747709454072 7.084697723388672 8
1747709472887 7.6823625564575195 9
1747709491352 5.6766357421875 10
1747709509737 6.357133865356445 11
1747709528505 6.718972206115723 12
1747709547234 7.496313095092773 13
1747709566137 6.6751604080200195 14
1747709585153 7.489055156707764 15
1747709604470 9.568695068359375 16
1747709624168 6.560540676116943 17
1747709643028 6.192431449890137 18
1747709662014 6.624394416809082 19
1747709680561 6.870967388153076 20
1747709698679 8.06164836883545 21
1747709717160 6.7136125564575195 22
1747709735741 7.116824150085449 23
1747709754140 7.101028919219971 24
1747709772687 6.505353927612305 25
1747709790912 5.848834037780762 26
1747709809957 6.5209503173828125 27
1747709829042 6.2331671714782715 28
1747709847414 6.934837341308594 29
1747709866013 5.134828567504883 30
1747709884234 6.389708995819092 31
1747709902938 5.641479015350342 32
1747709921479 5.0539774894714355 33
1747709939624 5.261578559875488 34
