1747711129123 6.213160514831543 0
1747711149886 7.432065010070801 1
1747711169944 9.848796844482422 2
1747711190738 8.025540351867676 3
1747711210700 7.165424823760986 4
1747711230886 9.603767395019531 5
1747711250813 8.276931762695312 6
1747711270494 9.892581939697266 7
1747711291210 8.54256820678711 8
1747711310862 10.323564529418945 9
1747711330663 9.990985870361328 10
1747711351137 8.140122413635254 11
1747711371048 6.428847789764404 12
1747711391008 6.936478614807129 13
1747711410888 7.526141166687012 14
1747711431348 7.432238578796387 15
1747711452429 7.00509786605835 16
1747711472307 7.34513521194458 17
1747711492324 6.968981742858887 18
