1747711129123 11.464834213256836 0
1747711149886 8.839604377746582 1
1747711169944 8.604414939880371 2
1747711190738 8.512059211730957 3
1747711210700 8.452668190002441 4
1747711230886 8.365497589111328 5
1747711250813 8.280329704284668 6
1747711270494 8.244353294372559 7
1747711291210 8.232327461242676 8
1747711310862 8.179985046386719 9
1747711330663 8.192789077758789 10
1747711351137 8.091226577758789 11
1747711371048 8.026399612426758 12
1747711391008 8.031676292419434 13
1747711410888 7.967936992645264 14
1747711431348 7.985433578491211 15
1747711452429 7.90066385269165 16
1747711472307 7.935770511627197 17
1747711492324 7.898996829986572 18
