1747712633521 10.079117774963379 0
1747712653484 8.833078384399414 1
1747712673783 8.519204139709473 2
1747712693944 8.467354774475098 3
1747712713496 8.38129711151123 4
1747712733633 8.364067077636719 5
1747712753716 8.268045425415039 6
1747712773307 8.221691131591797 7
1747712793347 8.150543212890625 8
1747712813190 8.10647201538086 9
1747712833007 8.093277931213379 10
1747712853138 8.06531810760498 11
1747712872991 8.006534576416016 12
1747712892983 8.022817611694336 13
1747712913066 7.956400394439697 14
1747712933219 8.021467208862305 15
1747712953102 7.89432954788208 16
1747712973203 7.986363887786865 17
1747712994127 7.932839393615723 18
1747713014300 7.963338851928711 19
1747713034425 7.922942638397217 20
1747713054687 7.935398578643799 21
1747713074537 7.973511695861816 22
1747713094821 7.93707799911499 23
1747713114768 7.886180400848389 24
1747713134665 7.914190769195557 25
1747713154958 7.890112400054932 26
1747713174928 7.874294757843018 27
1747713194899 7.838641166687012 28
1747713215016 7.825788497924805 29
1747713235843 7.924450397491455 30
1747713255668 7.905917644500732 31
1747713277052 7.785489559173584 32
1747713297396 7.860943794250488 33
1747713317408 7.936550617218018 34
1747713337475 7.831561088562012 35
1747713357563 7.885711669921875 36
1747713377583 7.841000080108643 37
1747713397621 7.9019317626953125 38
1747713417510 7.885783672332764 39
1747713437523 7.87548828125 40
1747713457412 7.8200602531433105 41
1747713477381 7.8037614822387695 42
1747713497614 7.830979824066162 43
1747713518104 7.840347766876221 44
1747713538156 7.854015827178955 45
1747713558602 7.84012508392334 46
1747713578862 7.8690972328186035 47
1747713598830 7.864920139312744 48
1747713619024 7.721040725708008 49
