1747712633521 8.856487274169922 0
1747712653484 7.141719818115234 1
1747712673783 7.887537956237793 2
1747712693944 7.531500339508057 3
1747712713496 7.639960765838623 4
1747712733633 10.476359367370605 5
1747712753716 9.14516544342041 6
1747712773307 9.847769737243652 7
1747712793347 8.652945518493652 8
1747712813190 7.327057838439941 9
1747712833007 7.415696620941162 10
1747712853138 6.725155830383301 11
1747712872991 8.052474975585938 12
1747712892983 6.428643226623535 13
1747712913066 9.46855354309082 14
1747712933219 6.496140480041504 15
1747712953102 7.693988800048828 16
1747712973203 9.275501251220703 17
1747712994127 8.446538925170898 18
1747713014300 6.784800052642822 19
1747713034425 10.860795021057129 20
1747713054687 7.153718948364258 21
1747713074537 7.969725131988525 22
1747713094821 6.969122886657715 23
1747713114768 10.548584938049316 24
1747713134665 7.472013473510742 25
1747713154958 6.014720916748047 26
1747713174928 7.584277153015137 27
1747713194899 5.53305196762085 28
1747713215016 8.93049430847168 29
1747713235843 6.085336685180664 30
1747713255668 5.654559135437012 31
1747713277052 8.81254768371582 32
1747713297396 6.580344200134277 33
1747713317408 7.064791679382324 34
1747713337475 6.4975690841674805 35
1747713357563 6.700072288513184 36
1747713377583 8.85251235961914 37
1747713397621 9.426019668579102 38
1747713417510 8.019174575805664 39
1747713437523 8.910493850708008 40
1747713457412 12.629322052001953 41
1747713477381 8.334006309509277 42
1747713497614 7.496551513671875 43
1747713518104 6.961732864379883 44
1747713538156 8.289321899414062 45
1747713558602 6.580743789672852 46
1747713578862 8.544336318969727 47
1747713598830 8.827593803405762 48
1747713619024 7.3152055740356445 49
