1747700146570 6.7499494552612305 0
1747700169094 6.653653621673584 1
1747700191571 7.957340240478516 2
1747700213951 9.33131217956543 3
1747700236360 10.152763366699219 4
1747700258714 7.365867614746094 5
1747700281236 6.411109924316406 6
1747700303731 6.83764123916626 7
1747700326659 7.266269683837891 8
1747700349076 8.320199012756348 9
1747700371572 7.460679054260254 10
1747700393893 7.5293426513671875 11
1747700416581 6.484464645385742 12
1747700442239 8.202362060546875 13
1747700464656 6.734372138977051 14
1747700487071 8.190946578979492 15
1747700509963 10.022881507873535 16
1747700532797 7.529679298400879 17
1747700556574 6.799978256225586 18
1747700579242 7.619074821472168 19
1747700601962 9.65266227722168 20
1747700624968 6.663605690002441 21
1747700647398 6.870121955871582 22
1747700670130 6.423610687255859 23
1747700692565 7.238484859466553 24
1747700715234 7.800909042358398 25
1747700737740 6.583619594573975 26
1747700760892 7.775201797485352 27
1747700784009 6.482733726501465 28
1747700807246 7.422802925109863 29
