1747700146570 13.147892951965332 0
1747700169094 9.485657691955566 1
1747700191571 9.11768913269043 2
1747700213951 8.810774803161621 3
1747700236360 8.552903175354004 4
1747700258714 8.366180419921875 5
1747700281236 8.232203483581543 6
1747700303731 8.037766456604004 7
1747700326659 7.96594762802124 8
1747700349076 7.880300998687744 9
1747700371572 7.8366193771362305 10
1747700393893 7.762689113616943 11
1747700416581 7.697253704071045 12
1747700442239 7.672731399536133 13
1747700464656 7.5474629402160645 14
1747700487071 7.512387275695801 15
1747700509963 7.429802417755127 16
1747700532797 7.427219867706299 17
1747700556574 7.4160614013671875 18
1747700579242 7.384540557861328 19
1747700601962 7.303350925445557 20
1747700624968 7.326526641845703 21
1747700647398 7.313374042510986 22
1747700670130 7.303112983703613 23
1747700692565 7.30393123626709 24
1747700715234 7.244465351104736 25
1747700737740 7.1985015869140625 26
1747700760892 7.229555130004883 27
1747700784009 7.171623229980469 28
1747700807246 7.21935510635376 29
