1747705525390 9.557544708251953 0
1747705548202 7.66826057434082 1
1747705570989 12.91379451751709 2
1747705593031 7.882800579071045 3
1747705615205 10.07528018951416 4
1747705637816 7.71822452545166 5
1747705660152 10.643121719360352 6
1747705682034 10.21159839630127 7
1747705704376 8.818790435791016 8
1747705726672 7.029387474060059 9
1747705750175 11.629985809326172 10
1747705772329 7.655374526977539 11
1747705794599 7.813442230224609 12
1747705817107 7.625219345092773 13
1747705839576 6.835958480834961 14
1747705861889 8.104175567626953 15
1747705884477 6.153558254241943 16
1747705906686 8.401098251342773 17
1747705929097 9.527565956115723 18
1747705950994 7.093833923339844 19
1747705973150 6.406846046447754 20
1747705995656 5.463312149047852 21
1747706018002 6.4087018966674805 22
1747706039967 7.652387619018555 23
1747706062390 6.8705902099609375 24
1747706084837 7.795686721801758 25
1747706107284 8.428156852722168 26
1747706129429 6.82187557220459 27
1747706151938 7.539820671081543 28
1747706174094 7.165966987609863 29
1747706196094 7.252805709838867 30
1747706218407 8.208559036254883 31
1747706240654 7.51928186416626 32
1747706262761 8.74025821685791 33
1747706284507 6.322318077087402 34
1747706306511 7.8268632888793945 35
1747706328383 6.960418224334717 36
1747706350276 7.110056400299072 37
1747706371950 7.014829635620117 38
1747706393924 8.306320190429688 39
1747706416165 8.259693145751953 40
1747706438254 7.019813537597656 41
1747706460747 6.7922163009643555 42
1747706482979 7.603286266326904 43
1747706505543 7.15087366104126 44
1747706527997 6.073686599731445 45
1747706550549 7.192738056182861 46
1747706572909 6.714160919189453 47
1747706595225 6.292129039764404 48
1747706617567 6.053879737854004 49
