1747705525390 15.845810890197754 0
1747705548202 9.452241897583008 1
1747705570989 9.09980583190918 2
1747705593031 8.886049270629883 3
1747705615205 8.758012771606445 4
1747705637816 8.591686248779297 5
1747705660152 8.471152305603027 6
1747705682034 8.365638732910156 7
1747705704376 8.285048484802246 8
1747705726672 8.20711612701416 9
1747705750175 8.11182689666748 10
1747705772329 8.079245567321777 11
1747705794599 8.019761085510254 12
1747705817107 8.007489204406738 13
1747705839576 7.8745808601379395 14
1747705861889 7.868328094482422 15
1747705884477 7.718394756317139 16
1747705906686 7.708144664764404 17
1747705929097 7.696556091308594 18
1747705950994 7.697772979736328 19
1747705973150 7.644094944000244 20
1747705995656 7.607538223266602 21
1747706018002 7.607792854309082 22
1747706039967 7.560622215270996 23
1747706062390 7.53065824508667 24
1747706084837 7.487473964691162 25
1747706107284 7.512430667877197 26
1747706129429 7.455860614776611 27
1747706151938 7.476389408111572 28
1747706174094 7.450126647949219 29
1747706196094 7.410945892333984 30
1747706218407 7.40077543258667 31
1747706240654 7.401066303253174 32
1747706262761 7.395855903625488 33
1747706284507 7.396872043609619 34
1747706306511 7.359255313873291 35
1747706328383 7.3187785148620605 36
1747706350276 7.355177879333496 37
1747706371950 7.319763660430908 38
1747706393924 7.400818824768066 39
1747706416165 7.393980979919434 40
1747706438254 7.289978504180908 41
1747706460747 7.323587894439697 42
1747706482979 7.312166213989258 43
1747706505543 7.379053115844727 44
1747706527997 7.338383674621582 45
1747706550549 7.325985431671143 46
1747706572909 7.338499069213867 47
1747706595225 7.319705009460449 48
1747706617567 7.314705848693848 49
