1747707237953 9.624566078186035 0
1747707264134 11.094172477722168 1
1747707288434 9.522016525268555 2
1747707310337 8.940095901489258 3
1747707331616 7.474102973937988 4
1747707353558 8.468635559082031 5
1747707374899 11.155532836914062 6
1747707396619 7.641845226287842 7
1747707418264 7.365823745727539 8
1747707441486 7.022585868835449 9
1747707462918 9.258354187011719 10
1747707484713 7.238773822784424 11
1747707506629 7.527955055236816 12
1747707528378 6.337989330291748 13
1747707550190 6.690003395080566 14
1747707572219 7.262048721313477 15
1747707594005 8.35461711883545 16
1747707616120 7.351974964141846 17
1747707638307 7.864262104034424 18
1747707660495 9.06441879272461 19
1747707682280 6.839672088623047 20
1747707705709 6.821959495544434 21
1747707728107 6.411235332489014 22
1747707750629 6.459694862365723 23
1747707772785 7.286954879760742 24
1747707795333 7.208559036254883 25
1747707817706 6.533346652984619 26
1747707840202 8.403009414672852 27
1747707862275 6.929919719696045 28
1747707885235 7.415347576141357 29
1747707907667 7.83492374420166 30
1747707929617 7.32028865814209 31
1747707951816 7.828911304473877 32
1747707974175 6.6262359619140625 33
1747707996809 5.880252838134766 34
1747708019035 8.876072883605957 35
1747708041572 6.700471878051758 36
1747708063999 6.6924238204956055 37
1747708086247 6.181599140167236 38
1747708108445 5.92812967300415 39
1747708130949 5.9437971115112305 40
1747708153449 7.181812286376953 41
1747708175571 8.130512237548828 42
1747708197483 6.3665361404418945 43
1747708219662 6.752717018127441 44
1747708242086 6.7265729904174805 45
1747708264331 6.060243606567383 46
1747708286820 6.73419189453125 47
1747708309475 7.027648448944092 48
1747708331846 6.692101955413818 49
