1747707237953 11.858141899108887 0
1747707264134 9.227577209472656 1
1747707288434 8.81739616394043 2
1747707310337 8.67459487915039 3
1747707331616 8.465591430664062 4
1747707353558 8.422240257263184 5
1747707374899 8.370121002197266 6
1747707396619 8.289045333862305 7
1747707418264 8.164113998413086 8
1747707441486 8.112375259399414 9
1747707462918 8.002102851867676 10
1747707484713 7.8573079109191895 11
1747707506629 7.768951416015625 12
1747707528378 7.719870090484619 13
1747707550190 7.588967800140381 14
1747707572219 7.62999963760376 15
1747707594005 7.597227096557617 16
1747707616120 7.535864353179932 17
1747707638307 7.459583282470703 18
1747707660495 7.4637861251831055 19
1747707682280 7.401867866516113 20
1747707705709 7.37396240234375 21
1747707728107 7.364376544952393 22
1747707750629 7.272141456604004 23
1747707772785 7.310854911804199 24
1747707795333 7.200576305389404 25
1747707817706 7.176483631134033 26
1747707840202 7.201359272003174 27
1747707862275 7.1625285148620605 28
1747707885235 7.133352279663086 29
1747707907667 7.028100490570068 30
1747707929617 7.068362236022949 31
1747707951816 7.068374156951904 32
1747707974175 7.051096439361572 33
1747707996809 7.026692867279053 34
1747708019035 6.981207370758057 35
1747708041572 7.03516149520874 36
1747708063999 7.043315410614014 37
1747708086247 7.009159088134766 38
1747708108445 6.948297500610352 39
1747708130949 6.950092792510986 40
1747708153449 6.982534408569336 41
1747708175571 6.963376998901367 42
1747708197483 6.920128345489502 43
1747708219662 6.886216640472412 44
1747708242086 6.890664100646973 45
1747708264331 6.896589279174805 46
1747708286820 6.8677287101745605 47
1747708309475 6.868867874145508 48
1747708331846 6.876752853393555 49
